{
 "cells": [
  {
   "cell_type": "code",
   "execution_count": 1,
   "metadata": {},
   "outputs": [
    {
     "name": "stdout",
     "output_type": "stream",
     "text": [
      "Sample shape: (10, 1000, 5)\n",
      "Covariance matrices shape: (10, 5, 5)\n",
      "True precision matrix:\n",
      " [[10.  -1.8 -1.5 -1.2 -0.9]\n",
      " [-1.8 10.  -1.6 -1.3 -1. ]\n",
      " [-1.5 -1.6 10.  -1.4 -1.1]\n",
      " [-1.2 -1.3 -1.4 10.  -1.2]\n",
      " [-0.9 -1.  -1.1 -1.2 10. ]]\n",
      "True covariance matrix:\n",
      " [[0.11403508 0.02988324 0.02730285 0.02368304 0.01909676]\n",
      " [0.02988324 0.1152567  0.02866834 0.02502757 0.02037199]\n",
      " [0.02730285 0.02866834 0.11457048 0.02556241 0.02099433]\n",
      " [0.02368304 0.02502757 0.02556241 0.11218326 0.02090809]\n",
      " [0.01909676 0.02037199 0.02099433 0.02090809 0.10857425]]\n"
     ]
    }
   ],
   "source": [
    "import numpy as np\n",
    "\n",
    "def generate_synthetic_data(low_variance=False, n_samples=10000, sample_size=1000):\n",
    "    # Define a known precision matrix (inverse covariance) with a known sparsity pattern\n",
    "    if low_variance:\n",
    "        true_precision = np.array([\n",
    "            [1.0, -0.5, 0.0, 0.0, 0.0],\n",
    "            [-0.5, 1.0, -0.4, 0.0, 0.0],\n",
    "            [0.0, -0.4, 1.0, -0.3, 0.0],\n",
    "            [0.0, 0.0, -0.3, 1.0, -0.2],\n",
    "            [0.0, 0.0, 0.0, -0.2, 1.0]\n",
    "        ])\n",
    "    else:\n",
    "        true_precision = np.array([\n",
    "            [10.0, -1.8, -1.5, -1.2, -0.9],\n",
    "            [-1.8, 10.0, -1.6, -1.3, -1.0],\n",
    "            [-1.5, -1.6, 10.0, -1.4, -1.1],\n",
    "            [-1.2, -1.3, -1.4, 10.0, -1.2],\n",
    "            [-0.9, -1.0, -1.1, -1.2, 10.0]\n",
    "        ])\n",
    "    \n",
    "    # Ensure the matrix is symmetric and positive definite\n",
    "    true_precision = (true_precision + true_precision.T) / 2\n",
    "    eigvals = np.linalg.eigvals(true_precision)\n",
    "    if np.any(eigvals <= 0):\n",
    "        raise ValueError(\"Precision matrix is not positive definite\")\n",
    "    \n",
    "    # Compute the true covariance matrix as the inverse of the precision matrix\n",
    "    true_covariance = np.linalg.inv(true_precision)\n",
    "    \n",
    "    # Generate data from a multivariate normal distribution\n",
    "    data = np.random.multivariate_normal(mean=np.zeros(5), cov=true_covariance, size=n_samples)\n",
    "    \n",
    "    # Reshape data into segments\n",
    "    num_full_samples = n_samples // sample_size\n",
    "    sampled_data = data[:num_full_samples * sample_size]\n",
    "    samples = sampled_data.reshape((num_full_samples, sample_size, 5))\n",
    "    \n",
    "    # Calculate the empirical covariance matrices for each segment\n",
    "    covariances = np.array([np.cov(sample, rowvar=False) for sample in samples])\n",
    "    \n",
    "    return samples, covariances, true_precision, true_covariance\n",
    "\n",
    "# Usage\n",
    "samples, covariances, true_precision, true_covariance = generate_synthetic_data()\n",
    "print(\"Sample shape:\", samples.shape)  # Should be (num_full_samples, sample_size, num_variables)\n",
    "print(\"Covariance matrices shape:\", covariances.shape)  # Should be (num_full_samples, num_variables, num_variables)\n",
    "print(\"True precision matrix:\\n\", true_precision)\n",
    "print(\"True covariance matrix:\\n\", true_covariance)\n"
   ]
  },
  {
   "cell_type": "code",
   "execution_count": 2,
   "metadata": {},
   "outputs": [],
   "source": [
    "def soft_threshold_odd(a, lambd, rho):\n",
    "\n",
    "    # The off-diagonal Lasso penalty function.\n",
    "    # Computes the Z0 update with off-diagonal\n",
    "    # soft-threshold operator\n",
    "\n",
    "    parameter = lambd/rho\n",
    "    dimension = np.shape(a)[0]\n",
    "    e = np.eye(dimension)\n",
    "    for i in range(dimension - 1):\n",
    "        for j in range(i + 1, dimension):\n",
    "            if abs(a[i, j]) > parameter:\n",
    "                result = np.sign(a[i, j])*(\n",
    "                    abs(a[i, j]) - parameter)\n",
    "                e[i, j] = result\n",
    "                e[j, i] = result\n",
    "    return e\n",
    "\n",
    "\n",
    "def element_wise(a, beta, rho):\n",
    "\n",
    "    # The element-wise l1 penalty function.\n",
    "    # Used in (Z1, Z2) update\n",
    "\n",
    "    eta = 2*beta/rho\n",
    "    dimension = np.shape(a)[0]\n",
    "    e = np.zeros((dimension, dimension))\n",
    "    for i in range(dimension):\n",
    "        for j in range(dimension):\n",
    "            if abs(a[i, j]) > eta:\n",
    "                e[i, j] = np.sign(a[i, j])*(\n",
    "                    abs(a[i, j]) - eta)\n",
    "    return e\n",
    "\n",
    "\n",
    "def group_lasso(a, beta, rho):\n",
    "\n",
    "    # The Group Lasso l2 penalty function.\n",
    "    # Used in (Z1, Z2) update\n",
    "\n",
    "    eta = 2*beta/rho\n",
    "    dimension = np.shape(a)[0]\n",
    "    e = np.zeros((dimension, dimension))\n",
    "    for j in range(dimension):\n",
    "        l2_norm = np.linalg.norm(a[:, j])\n",
    "        if l2_norm > eta:\n",
    "            e[:, j] = (1 - eta/l2_norm)*a[:, j]\n",
    "    return e\n",
    "\n",
    "\n",
    "def perturbed_node(theta_pre, theta, u1, u2, beta, rho, ct, cc):\n",
    "\n",
    "    # The row-column overlap penalty function (Perturbed Node).\n",
    "    # Used in (Z1, Z2 update)\n",
    "    # Computes the update as a sub-ADMM algorithm,\n",
    "    # as no closed form update exists.\n",
    "\n",
    "    \"\"\" Initialize ADMM algorithm \"\"\"\n",
    "    dimension = np.shape(theta)[0]\n",
    "    y1 = np.ones((dimension, dimension))\n",
    "    y2 = np.ones((dimension, dimension))\n",
    "    v = np.ones((dimension, dimension))\n",
    "    w = np.ones((dimension, dimension))\n",
    "    uu1 = np.zeros((dimension, dimension))\n",
    "    uu2 = np.zeros((dimension, dimension))\n",
    "\n",
    "    \"\"\" Run algorithm \"\"\"\n",
    "    iteration = 0\n",
    "    y_pre = []\n",
    "    stopping_criteria = False\n",
    "    while iteration < 1000 and stopping_criteria is False:\n",
    "        a = (y1 - y2 - w - uu1 + (w.transpose() - uu2).transpose())/2\n",
    "\n",
    "        \"\"\" V Update \"\"\"\n",
    "        v = group_lasso(a, beta, rho)\n",
    "\n",
    "        \"\"\" W, Y1, Y2 Update \"\"\"\n",
    "        b = np.zeros((3*dimension, dimension))\n",
    "        b[0:dimension, :] = (v + uu2).transpose()\n",
    "        b[dimension:2*dimension, :] = theta_pre + u1\n",
    "        b[2*dimension:3*dimension, :] = theta + u2\n",
    "        d = v + uu1\n",
    "        wyy = np.dot(cc, 2*b - np.dot(ct, d))\n",
    "        w = wyy[0:dimension, :]\n",
    "        y1 = wyy[dimension:2*dimension, :]\n",
    "        y2 = wyy[2*dimension:3*dimension, :]\n",
    "\n",
    "        \"\"\" UU1, UU2 Update \"\"\"\n",
    "        uu1 = uu1 + (v + w) - (y1 - y2)\n",
    "        uu2 = uu2 + v - w.transpose()\n",
    "\n",
    "        \"\"\" Check stopping criteria \"\"\"\n",
    "        if iteration > 0:\n",
    "            dif = y1 - y_pre\n",
    "            fro_norm = np.linalg.norm(dif)\n",
    "            if fro_norm < 1e-3:\n",
    "                stopping_criteria = True\n",
    "        y_pre = list(y1)\n",
    "        iteration += 1\n",
    "    return (y1, y2)"
   ]
  },
  {
   "cell_type": "code",
   "execution_count": 39,
   "metadata": {},
   "outputs": [],
   "source": [
    "\n",
    "def theta_update(z0s, z1s, z2s, u0s, u1s, u2s, emp_cov_mat, eta, dimension, blocks):\n",
    "    thetas = []\n",
    "    for i in range(blocks):\n",
    "        #print(i)\n",
    "        a = (z0s[i] + z1s[i] + z2s[i] - u0s[i] - u1s[i] - u2s[i]) / 3\n",
    "        at = a.transpose()\n",
    "        m = eta * (a + at) / 2 - emp_cov_mat[i]\n",
    "        d, q = np.linalg.eig(m)\n",
    "        qt = q.transpose()\n",
    "        sqrt_matrix = np.sqrt(d**2 + 4 / eta * np.ones(dimension))\n",
    "        diagonal = np.diag(d) + np.diag(sqrt_matrix)\n",
    "        theta = np.real(eta / 2 * np.dot(np.dot(q, diagonal), qt))\n",
    "        thetas.append(theta)\n",
    "    return thetas\n",
    "\n",
    "def z0_update(thetas, u0s, lambd, rho, blocks, soft_threshold_odd_func):\n",
    "    return [soft_threshold_odd_func(thetas[i] + u0s[i], lambd, rho) for i in range(blocks)]\n",
    "\n",
    "def z1_z2_update(thetas, u1s, u2s, beta, rho, blocks, penalty_function):\n",
    "\n",
    "    dimension = thetas[0].shape[0]\n",
    "    z1s = [np.eye(dimension) for _ in range(blocks)]\n",
    "    z2s = [np.eye(dimension) for _ in range(blocks)]\n",
    "    \n",
    "    if penalty_function == \"perturbed_node\":\n",
    "        for i in range(1, blocks):\n",
    "            z1s[i - 1], z2s[i] = perturbed_node(thetas[i - 1], thetas[i], u1s[i - 1], u2s[i], beta, rho)\n",
    "    else:\n",
    "        aa = [thetas[i] - thetas[i - 1] + u2s[i] - u1s[i - 1] for i in range(1, blocks)]\n",
    "\n",
    "        if penalty_function == \"L1\":\n",
    "            ee = [element_wise(a, beta, rho) for a in aa]    \n",
    "        if penalty_function == \"L2\":\n",
    "            ee = [group_lasso(a, beta, rho) for a in aa]\n",
    "\n",
    "        for i in range(1, blocks):\n",
    "            summ = thetas[i - 1] + thetas[i] + u1s[i - 1] + u2s[i]\n",
    "            z1s[i - 1] = 0.5 * (summ - ee[i - 1])\n",
    "            z2s[i] = 0.5 * (summ + ee[i - 1])\n",
    "    return z1s, z2s\n",
    "\n",
    "def u_update(u0s, u1s, u2s, thetas, z0s, z1s, z2s, blocks):\n",
    "    for i in range(blocks):\n",
    "        u0s[i] += thetas[i] - z0s[i]\n",
    "    for i in range(1, blocks):\n",
    "        u2s[i] += thetas[i] - z2s[i]\n",
    "        u1s[i - 1] += thetas[i - 1] - z1s[i - 1]\n",
    "    return u0s, u1s, u2s\n",
    "\n",
    "\n",
    "\n",
    "def check_for_none(thetas, z0s, z1s, z2s, u0s, u1s, u2s):\n",
    "    for name, array in zip(\n",
    "        [\"thetas\", \"z0s\", \"z1s\", \"z2s\", \"u0s\", \"u1s\", \"u2s\"],\n",
    "        [thetas, z0s, z1s, z2s, u0s, u1s, u2s]\n",
    "    ):\n",
    "        for i, element in enumerate(array):\n",
    "            if element is None:\n",
    "                print(f\"None found in {name} at index {i}\")\n",
    "            else:\n",
    "                print(f\"{name}[{i}] is not None, shape: {element.shape}\")\n",
    "\n",
    "\n"
   ]
  },
  {
   "cell_type": "code",
   "execution_count": 41,
   "metadata": {},
   "outputs": [],
   "source": [
    "\n",
    "\n",
    "def calculate_primal_residual(thetas, z0s, z1s, z2s, blocks):\n",
    "    # Calculate the primal residuals for each block\n",
    "    primal_residuals = []\n",
    "    for i in range(blocks):\n",
    "        r_0 = thetas[i] - z0s[i]\n",
    "        primal_residuals.append(np.linalg.norm(r_0, 'fro'))\n",
    "        \n",
    "    for i in range(1, blocks):\n",
    "        r_1 = thetas[i] - z1s[i - 1]\n",
    "        r_2 = thetas[i] - z2s[i]\n",
    "        primal_residuals.append(np.linalg.norm(r_1, 'fro'))\n",
    "        primal_residuals.append(np.linalg.norm(r_2, 'fro'))\n",
    "    \n",
    "    # Combine residuals to get the total primal residual\n",
    "    return np.sqrt(np.sum(np.square(primal_residuals)))\n",
    "\n",
    "def calculate_dual_residual(z0s, z1s, z2s, z0s_prev, z1s_prev, z2s_prev, rho, blocks):\n",
    "    # Calculate the dual residuals for each block\n",
    "    dual_residuals = []\n",
    "    for i in range(blocks):\n",
    "        s_0 = rho * (z0s[i] - z0s_prev[i])\n",
    "        dual_residuals.append(np.linalg.norm(s_0, 'fro'))\n",
    "    \n",
    "    for i in range(1, blocks):\n",
    "        s_1 = rho * (z1s[i - 1] - z1s_prev[i - 1])\n",
    "        s_2 = rho * (z2s[i] - z2s_prev[i])\n",
    "        dual_residuals.append(np.linalg.norm(s_1, 'fro'))\n",
    "        dual_residuals.append(np.linalg.norm(s_2, 'fro'))\n",
    "    \n",
    "    # Combine residuals to get the total dual residual\n",
    "    return np.sqrt(np.sum(np.square(dual_residuals)))\n",
    "\n",
    "def check_convergence(primal_residual, dual_residual, thetas, z0s, abs_tol, rel_tol):\n",
    "    # Calculate primal and dual tolerances\n",
    "    dimension = np.shape(thetas[0])[0]\n",
    "    epsilon_primal = np.sqrt(dimension) * abs_tol + rel_tol * max(\n",
    "        np.linalg.norm(np.concatenate(thetas), 'fro'), \n",
    "        np.linalg.norm(np.concatenate(z0s), 'fro')\n",
    "    )\n",
    "    epsilon_dual = np.sqrt(dimension) * abs_tol + rel_tol * np.linalg.norm(rho * np.concatenate(thetas), 'fro')\n",
    "\n",
    "    # Check if both residuals are within their respective tolerances\n",
    "    return primal_residual <= epsilon_primal and dual_residual <= epsilon_dual\n",
    "\n",
    "# Example ADMM loop\n",
    "def admm_loop(z0s, z1s, z2s, u0s, u1s, u2s, emp_cov_mat, eta, lambd, beta, rho, abs_tol, rel_tol, dimension, blocks, max_iters=10000):\n",
    "    thetas = [np.zeros((dimension, dimension)) for _ in range(blocks)]\n",
    "    \n",
    "    for k in range(max_iters):\n",
    "        # Store previous Z values for dual residual calculation\n",
    "        z0s_prev, z1s_prev, z2s_prev = z0s.copy(), z1s.copy(), z2s.copy()\n",
    "        \n",
    "        # Update theta, z, and u in each ADMM iteration\n",
    "        thetas = theta_update(z0s, z1s, z2s, u0s, u1s, u2s, emp_cov_mat, eta, dimension, blocks)\n",
    "        z0s = z0_update(thetas, u0s, lambd, rho, blocks, soft_threshold_odd)\n",
    "        z1s, z2s = z1_z2_update(thetas, u1s, u2s, beta, rho, blocks, \"L1\")\n",
    "        u0s, u1s, u2s = u_update(u0s, u1s, u2s, thetas, z0s, z1s, z2s, blocks)\n",
    "        \n",
    "        # Calculate primal and dual residuals\n",
    "        primal_residual = calculate_primal_residual(thetas, z0s, z1s, z2s, blocks)\n",
    "        dual_residual = calculate_dual_residual(z0s, z1s, z2s, z0s_prev, z1s_prev, z2s_prev, rho, blocks)\n",
    "\n",
    "\n",
    "        # Example usage after ADMM loop or at any checkpoint\n",
    "        #check_for_none(thetas, z0s, z1s, z2s, u0s, u1s, u2s)\n",
    "        \n",
    "        # Check convergence\n",
    "        if check_convergence(primal_residual, dual_residual, thetas, z0s, abs_tol, rel_tol):\n",
    "            print(f\"Converged in {k+1} iterations\")\n",
    "            break\n",
    "    else:\n",
    "        print(\"Max iterations reached without convergence\")\n",
    "\n",
    "    return thetas, z0s, z1s, z2s, u0s, u1s, u2s\n"
   ]
  },
  {
   "cell_type": "code",
   "execution_count": 42,
   "metadata": {},
   "outputs": [
    {
     "name": "stdout",
     "output_type": "stream",
     "text": [
      "Converged in 2232 iterations\n",
      "Estimated precision matrices (Thetas):\n",
      "Theta 0:\n",
      " [[ 9.98963945e-01 -1.13204451e-03 -7.69228943e-04 -6.22892166e-04\n",
      "  -3.22267559e-04]\n",
      " [-1.13204451e-03  9.98963945e-01 -8.60509966e-04 -7.12148039e-04\n",
      "  -2.02550328e-04]\n",
      " [-7.69228943e-04 -8.60509966e-04  9.98964280e-01 -6.01777896e-04\n",
      "  -2.94898657e-04]\n",
      " [-6.22892166e-04 -7.12148039e-04 -6.01777896e-04  9.98964397e-01\n",
      "  -2.95854268e-04]\n",
      " [-3.22267559e-04 -2.02550328e-04 -2.94898657e-04 -2.95854268e-04\n",
      "   9.98964532e-01]]\n",
      "Theta 1:\n",
      " [[ 9.98968253e-01 -1.09063100e-03 -7.68554782e-04 -6.11542473e-04\n",
      "  -2.76874102e-04]\n",
      " [-1.09063100e-03  9.98968222e-01 -8.34833141e-04 -6.98808898e-04\n",
      "  -2.27718808e-04]\n",
      " [-7.68554782e-04 -8.34833141e-04  9.98968586e-01 -5.78318815e-04\n",
      "  -2.88519399e-04]\n",
      " [-6.11542473e-04 -6.98808898e-04 -5.78318815e-04  9.98968593e-01\n",
      "  -2.92014038e-04]\n",
      " [-2.76874102e-04 -2.27718808e-04 -2.88519399e-04 -2.92014038e-04\n",
      "   9.98968761e-01]]\n",
      "Theta 2:\n",
      " [[ 9.98970852e-01 -1.03560168e-03 -7.71100257e-04 -6.03890582e-04\n",
      "  -1.95676111e-04]\n",
      " [-1.03560168e-03  9.98970763e-01 -7.97487505e-04 -6.81568087e-04\n",
      "  -2.74710006e-04]\n",
      " [-7.71100257e-04 -7.97487505e-04  9.98971184e-01 -5.49801940e-04\n",
      "  -2.85156159e-04]\n",
      " [-6.03890582e-04 -6.81568087e-04 -5.49801940e-04  9.98970994e-01\n",
      "  -2.91520652e-04]\n",
      " [-1.95676111e-04 -2.74710006e-04 -2.85156159e-04 -2.91520652e-04\n",
      "   9.98971223e-01]]\n",
      "Theta 3:\n",
      " [[ 9.98972221e-01 -9.99622154e-04 -7.81302134e-04 -6.15237419e-04\n",
      "  -1.04029744e-04]\n",
      " [-9.99622154e-04  9.98972067e-01 -7.69646594e-04 -6.70138588e-04\n",
      "  -3.28158711e-04]\n",
      " [-7.81302134e-04 -7.69646594e-04  9.98972565e-01 -5.37261516e-04\n",
      "  -2.99750646e-04]\n",
      " [-6.15237419e-04 -6.70138588e-04 -5.37261516e-04  9.98972130e-01\n",
      "  -3.00648138e-04]\n",
      " [-1.04029744e-04 -3.28158711e-04 -2.99750646e-04 -3.00648138e-04\n",
      "   9.98972434e-01]]\n",
      "Theta 4:\n",
      " [[ 9.98972794e-01 -9.95721861e-04 -8.00219156e-04 -6.45298973e-04\n",
      "  -1.51715969e-04]\n",
      " [-9.95721861e-04  9.98972592e-01 -7.66202958e-04 -6.65494584e-04\n",
      "  -3.65442967e-04]\n",
      " [-8.00219156e-04 -7.66202958e-04  9.98973169e-01 -5.53075080e-04\n",
      "  -3.44112387e-04]\n",
      " [-6.45298973e-04 -6.65494584e-04 -5.53075080e-04  9.98972489e-01\n",
      "  -3.15047662e-04]\n",
      " [-1.51715969e-04 -3.65442967e-04 -3.44112387e-04 -3.15047662e-04\n",
      "   9.98972868e-01]]\n",
      "Theta 5:\n",
      " [[ 9.98972823e-01 -1.01136131e-03 -8.23533353e-04 -6.76595964e-04\n",
      "  -1.92873941e-04]\n",
      " [-1.01136131e-03  9.98972616e-01 -7.84942870e-04 -6.60365398e-04\n",
      "  -3.70662161e-04]\n",
      " [-8.23533353e-04 -7.84942870e-04  9.98973248e-01 -6.01205373e-04\n",
      "  -4.14292556e-04]\n",
      " [-6.76595964e-04 -6.60365398e-04 -6.01205373e-04  9.98972363e-01\n",
      "  -3.21105043e-04]\n",
      " [-1.92873941e-04 -3.70662161e-04 -4.14292556e-04 -3.21105043e-04\n",
      "   9.98972812e-01]]\n",
      "Theta 6:\n",
      " [[ 9.98972322e-01 -1.02264099e-03 -8.44438055e-04 -6.88668984e-04\n",
      "  -2.03861014e-04]\n",
      " [-1.02264099e-03  9.98972160e-01 -8.11091584e-04 -6.47909455e-04\n",
      "  -3.44564864e-04]\n",
      " [-8.44438055e-04 -8.11091584e-04  9.98972807e-01 -6.79434391e-04\n",
      "  -4.92169914e-04]\n",
      " [-6.88668984e-04 -6.47909455e-04 -6.79434391e-04  9.98971768e-01\n",
      "  -3.09056905e-04]\n",
      " [-2.03861014e-04 -3.44564864e-04 -4.92169914e-04 -3.09056905e-04\n",
      "   9.98972289e-01]]\n",
      "Theta 7:\n",
      " [[ 9.98971053e-01 -1.01437358e-03 -8.59057261e-04 -6.73574764e-04\n",
      "  -1.83114777e-04]\n",
      " [-1.01437358e-03  9.98970969e-01 -8.31683490e-04 -6.28027264e-04\n",
      "  -3.01502230e-04]\n",
      " [-8.59057261e-04 -8.31683490e-04  9.98971590e-01 -7.75608583e-04\n",
      "  -5.57312735e-04]\n",
      " [-6.73574764e-04 -6.28027264e-04 -7.75608583e-04  9.98970443e-01\n",
      "  -2.81057270e-04]\n",
      " [-1.83114777e-04 -3.01502230e-04 -5.57312735e-04 -2.81057270e-04\n",
      "   9.98971045e-01]]\n",
      "Theta 8:\n",
      " [[ 9.98968561e-01 -9.90811328e-04 -8.67821744e-04 -6.41861285e-04\n",
      "  -1.43931380e-04]\n",
      " [-9.90811328e-04  9.98968561e-01 -8.43155683e-04 -6.06970344e-04\n",
      "  -2.59674160e-04]\n",
      " [-8.67821744e-04 -8.43155683e-04  9.98969135e-01 -8.65393529e-04\n",
      "  -5.98493772e-04]\n",
      " [-6.41861285e-04 -6.06970344e-04 -8.65393529e-04  9.98967916e-01\n",
      "  -2.48296661e-04]\n",
      " [-1.43931380e-04 -2.59674160e-04 -5.98493772e-04 -2.48296661e-04\n",
      "   9.98968599e-01]]\n",
      "Theta 9:\n",
      " [[ 9.98964323e-01 -9.70635864e-04 -8.72139979e-04 -6.16427444e-04\n",
      "  -1.10799262e-04]\n",
      " [-9.70635864e-04  9.98964377e-01 -8.47784414e-04 -5.93387304e-04\n",
      "  -2.34349677e-04]\n",
      " [-8.72139979e-04 -8.47784414e-04  9.98964916e-01 -9.20014639e-04\n",
      "  -6.16584105e-04]\n",
      " [-6.16427444e-04 -5.93387304e-04 -9.20014639e-04  9.98963658e-01\n",
      "  -2.25581812e-04]\n",
      " [-1.10799262e-04 -2.34349677e-04 -6.16584105e-04 -2.25581812e-04\n",
      "   9.98964395e-01]]\n",
      "\n",
      "True precision matrix:\n",
      " [[10.  -1.8 -1.5 -1.2 -0.9]\n",
      " [-1.8 10.  -1.6 -1.3 -1. ]\n",
      " [-1.5 -1.6 10.  -1.4 -1.1]\n",
      " [-1.2 -1.3 -1.4 10.  -1.2]\n",
      " [-0.9 -1.  -1.1 -1.2 10. ]]\n"
     ]
    },
    {
     "ename": "",
     "evalue": "",
     "output_type": "error",
     "traceback": [
      "\u001b[1;31mThe Kernel crashed while executing code in the current cell or a previous cell. \n",
      "\u001b[1;31mPlease review the code in the cell(s) to identify a possible cause of the failure. \n",
      "\u001b[1;31mClick <a href='https://aka.ms/vscodeJupyterKernelCrash'>here</a> for more info. \n",
      "\u001b[1;31mView Jupyter <a href='command:jupyter.viewOutput'>log</a> for further details."
     ]
    }
   ],
   "source": [
    "# Set parameters\n",
    "eta = 0.1           # Parameter for theta update\n",
    "lambd = 0.5         # Parameter for Lasso penalty in z0 update\n",
    "beta = 0.5          # Parameter for overlap penalty\n",
    "rho = 1.0           # ADMM penalty parameter\n",
    "abs_tol = 1e-4      # Absolute tolerance for convergence\n",
    "rel_tol = 1e-3      # Relative tolerance for convergence\n",
    "dimension = true_precision.shape[0]\n",
    "blocks = covariances.shape[0]  # Number of blocks (segments)\n",
    "\n",
    "# Initialize variables\n",
    "z0s = [np.eye(dimension) for _ in range(blocks)]\n",
    "z1s = [np.eye(dimension) for _ in range(blocks)]\n",
    "z2s = [np.eye(dimension) for _ in range(blocks)]\n",
    "u0s = [np.zeros((dimension, dimension)) for _ in range(blocks)]\n",
    "u1s = [np.zeros((dimension, dimension)) for _ in range(blocks)]\n",
    "u2s = [np.zeros((dimension, dimension)) for _ in range(blocks)]\n",
    "\n",
    "# Run ADMM loop\n",
    "thetas, z0s, z1s, z2s, u0s, u1s, u2s = admm_loop(\n",
    "    z0s, z1s, z2s, u0s, u1s, u2s, covariances, eta, lambd, beta, rho,\n",
    "    abs_tol, rel_tol, dimension, blocks\n",
    ")\n",
    "\n",
    "# Print the result\n",
    "print(\"Estimated precision matrices (Thetas):\")\n",
    "for i, theta in enumerate(thetas):\n",
    "    print(f\"Theta {i}:\\n\", theta)\n",
    "print(\"\\nTrue precision matrix:\\n\", true_precision)"
   ]
  },
  {
   "cell_type": "code",
   "execution_count": 26,
   "metadata": {},
   "outputs": [
    {
     "data": {
      "text/plain": [
       "[array([[0., 0., 0., 0., 0.],\n",
       "        [0., 0., 0., 0., 0.],\n",
       "        [0., 0., 0., 0., 0.],\n",
       "        [0., 0., 0., 0., 0.],\n",
       "        [0., 0., 0., 0., 0.]]),\n",
       " array([[ 9.51558008e-05,  1.07044695e-04,  1.19297290e-04,\n",
       "          8.32633290e-05,  1.94268489e-04],\n",
       "        [ 1.07044695e-04,  7.80002160e-05, -7.56150971e-06,\n",
       "          3.50031204e-05,  1.08673775e-04],\n",
       "        [ 1.19297290e-04, -7.56150971e-06,  2.75235574e-04,\n",
       "          3.00896462e-04,  1.55215122e-04],\n",
       "        [ 8.32633290e-05,  3.50031204e-05,  3.00896462e-04,\n",
       "         -5.01288548e-05, -2.33271334e-05],\n",
       "        [ 1.94268489e-04,  1.08673775e-04,  1.55215122e-04,\n",
       "         -2.33271334e-05,  4.33256325e-04]]),\n",
       " array([[-1.14614705e-04,  2.21847700e-04, -1.47445642e-04,\n",
       "          3.04134719e-05, -1.60165189e-04],\n",
       "        [ 2.21847700e-04, -3.24207814e-05, -1.07231466e-05,\n",
       "          5.33973216e-05, -1.24200458e-04],\n",
       "        [-1.47445642e-04, -1.07231466e-05, -1.87725177e-04,\n",
       "         -1.20023575e-04, -2.43332006e-04],\n",
       "        [ 3.04134719e-05,  5.33973216e-05, -1.20023575e-04,\n",
       "          1.71445675e-04,  6.94495157e-05],\n",
       "        [-1.60165189e-04, -1.24200458e-04, -2.43332006e-04,\n",
       "          6.94495157e-05, -3.65851846e-04]]),\n",
       " array([[ 2.76458780e-04, -8.16684402e-05,  1.27899309e-04,\n",
       "          1.04445114e-04,  3.53106368e-04],\n",
       "        [-8.16684402e-05,  2.27176178e-04,  2.25911519e-04,\n",
       "          5.59350833e-05,  8.03438975e-05],\n",
       "        [ 1.27899309e-04,  2.25911519e-04,  1.46607733e-04,\n",
       "          8.11036621e-05,  2.91163886e-04],\n",
       "        [ 1.04445114e-04,  5.59350833e-05,  8.11036621e-05,\n",
       "         -1.50744201e-04,  4.37730620e-05],\n",
       "        [ 3.53106368e-04,  8.03438975e-05,  2.91163886e-04,\n",
       "          4.37730620e-05,  9.01911293e-05]]),\n",
       " array([[-4.34213584e-05, -1.86923617e-05, -2.13226693e-05,\n",
       "         -2.31810256e-04, -1.96214007e-04],\n",
       "        [-1.86923617e-05, -2.90849183e-04, -7.60221960e-05,\n",
       "         -1.49404480e-04, -2.78265378e-04],\n",
       "        [-2.13226693e-05, -7.60221960e-05,  8.27590214e-05,\n",
       "         -1.63079183e-04, -1.54268771e-04],\n",
       "        [-2.31810256e-04, -1.49404480e-04, -1.63079183e-04,\n",
       "         -2.41372397e-04, -1.55724144e-04],\n",
       "        [-1.96214007e-04, -2.78265378e-04, -1.54268771e-04,\n",
       "         -1.55724144e-04,  2.22032734e-05]]),\n",
       " array([[-5.06001854e-05, -1.10370608e-04, -1.12226345e-04,\n",
       "          2.89498036e-05, -1.52401364e-04],\n",
       "        [-1.10370608e-04,  8.86257193e-05, -1.55158725e-04,\n",
       "          1.49300720e-05,  1.81044885e-04],\n",
       "        [-1.12226345e-04, -1.55158725e-04, -1.54308036e-04,\n",
       "          1.44003363e-04, -3.69165786e-06],\n",
       "        [ 2.89498036e-05,  1.49300720e-05,  1.44003363e-04,\n",
       "          1.69693883e-04,  2.07246105e-05],\n",
       "        [-1.52401364e-04,  1.81044885e-04, -3.69165786e-06,\n",
       "          2.07246105e-05, -9.85640330e-05]]),\n",
       " array([[-1.42005334e-04, -1.21959183e-05,  4.70868693e-05,\n",
       "          1.74685579e-05,  1.57387185e-05],\n",
       "        [-1.21959183e-05, -1.87333056e-05,  7.15970061e-06,\n",
       "          1.00636398e-04,  4.30021447e-05],\n",
       "        [ 4.70868693e-05,  7.15970061e-06,  8.60360088e-05,\n",
       "         -4.97873483e-05, -2.75549298e-05],\n",
       "        [ 1.74685579e-05,  1.00636398e-04, -4.97873483e-05,\n",
       "         -1.42295448e-04,  1.54496069e-05],\n",
       "        [ 1.57387185e-05,  4.30021447e-05, -2.75549298e-05,\n",
       "          1.54496069e-05, -1.09259205e-04]]),\n",
       " array([[ 1.81904920e-04,  1.43966029e-05, -3.13958301e-05,\n",
       "         -6.35166064e-05,  1.80651589e-04],\n",
       "        [ 1.43966029e-05,  9.23141197e-06,  5.30171306e-05,\n",
       "         -1.02668753e-04, -2.89361136e-05],\n",
       "        [-3.13958301e-05,  5.30171306e-05, -4.31991849e-05,\n",
       "         -1.64861711e-05, -1.94725789e-04],\n",
       "        [-6.35166064e-05, -1.02668753e-04, -1.64861711e-05,\n",
       "          2.40909490e-04,  1.29824036e-04],\n",
       "        [ 1.80651589e-04, -2.89361136e-05, -1.94725789e-04,\n",
       "          1.29824036e-04,  7.16915583e-05]]),\n",
       " array([[-1.27350060e-04,  3.43193240e-05,  1.26010838e-04,\n",
       "          8.97897946e-05, -1.57764530e-04],\n",
       "        [ 3.43193240e-05,  3.00781949e-05,  3.90122412e-05,\n",
       "          1.04413628e-04,  4.69773628e-05],\n",
       "        [ 1.26010838e-04,  3.90122412e-05,  1.54228840e-04,\n",
       "         -2.07469664e-04,  1.76069174e-04],\n",
       "        [ 8.97897946e-05,  1.04413628e-04, -2.07469664e-04,\n",
       "         -2.79885302e-04, -1.95067454e-04],\n",
       "        [-1.57764530e-04,  4.69773628e-05,  1.76069174e-04,\n",
       "         -1.95067454e-04,  1.86876539e-04]]),\n",
       " array([[ 1.09508630e-04,  1.27259548e-04, -1.53998844e-04,\n",
       "          1.07461427e-04,  1.67846827e-04],\n",
       "        [ 1.27259548e-04,  2.01979852e-04, -7.76029343e-05,\n",
       "         -1.84189203e-05,  1.15046294e-05],\n",
       "        [-1.53998844e-04, -7.76029343e-05, -1.10385144e-04,\n",
       "          4.55793439e-05, -3.10831476e-05],\n",
       "        [ 1.07461427e-04, -1.84189203e-05,  4.55793439e-05,\n",
       "          1.74084665e-04,  2.12629492e-04],\n",
       "        [ 1.67846827e-04,  1.15046294e-05, -3.10831476e-05,\n",
       "          2.12629492e-04, -5.06466260e-05]])]"
      ]
     },
     "execution_count": 26,
     "metadata": {},
     "output_type": "execute_result"
    }
   ],
   "source": [
    "u2s"
   ]
  },
  {
   "cell_type": "code",
   "execution_count": null,
   "metadata": {},
   "outputs": [],
   "source": []
  }
 ],
 "metadata": {
  "kernelspec": {
   "display_name": "tvgl",
   "language": "python",
   "name": "python3"
  },
  "language_info": {
   "codemirror_mode": {
    "name": "ipython",
    "version": 3
   },
   "file_extension": ".py",
   "mimetype": "text/x-python",
   "name": "python",
   "nbconvert_exporter": "python",
   "pygments_lexer": "ipython3",
   "version": "3.11.8"
  }
 },
 "nbformat": 4,
 "nbformat_minor": 2
}
